256
0.0
0.02454369260617026
0.04908738521234052
0.07363107781851078
0.09817477042468103
0.1227184630308513
0.14726215563702155
0.1718058482431918
0.19634954084936207
0.22089323345553233
0.2454369260617026
0.2699806186678728
0.2945243112740431
0.3190680038802134
0.3436116964863836
0.36815538909255385
0.39269908169872414
0.4172427743048944
0.44178646691106466
0.4663301595172349
0.4908738521234052
0.5154175447295755
0.5399612373357456
0.5645049299419159
0.5890486225480862
0.6135923151542565
0.6381360077604268
0.662679700366597
0.6872233929727672
0.7117670855789375
0.7363107781851077
0.760854470791278
0.7853981633974483
0.8099418560036186
0.8344855486097889
0.859029241215959
0.8835729338221293
0.9081166264282996
0.9326603190344698
0.9572040116406401
0.9817477042468103
1.0062913968529805
1.030835089459151
1.055378782065321
1.0799224746714913
1.1044661672776617
1.1290098598838318
1.1535535524900022
1.1780972450961724
1.2026409377023426
1.227184630308513
1.2517283229146832
1.2762720155208536
1.3008157081270237
1.325359400733194
1.3499030933393643
1.3744467859455345
1.3989904785517047
1.423534171157875
1.4480778637640452
1.4726215563702154
1.4971652489763858
1.521708941582556
1.5462526341887264
1.5707963267948966
1.5953400194010667
1.6198837120072371
1.6444274046134073
1.6689710972195777
1.6935147898257479
1.718058482431918
1.7426021750380885
1.7671458676442586
1.7916895602504288
1.8162332528565992
1.8407769454627694
1.8653206380689396
1.88986433067511
1.9144080232812801
1.9389517158874505
1.9634954084936207
1.9880391010997909
2.012582793705961
2.0371264863121317
2.061670178918302
2.086213871524472
2.110757564130642
2.1353012567368124
2.1598449493429825
2.184388641949153
2.2089323345553233
2.2334760271614935
2.2580197197676637
2.282563412373834
2.3071071049800045
2.3316507975861747
2.356194490192345
2.380738182798515
2.405281875404685
2.429825568010856
2.454369260617026
2.478912953223196
2.5034566458293663
2.5280003384355365
2.552544031041707
2.5770877236478773
2.6016314162540475
2.6261751088602177
2.650718801466388
2.675262494072558
2.6998061866787286
2.724349879284899
2.748893571891069
2.773437264497239
2.7979809571034093
2.82252464970958
2.84706834231575
2.8716120349219203
2.8961557275280905
2.9206994201342606
2.945243112740431
2.9697868053466014
2.9943304979527716
3.018874190558942
3.043417883165112
3.067961575771282
3.0925052683774528
3.117048960983623
3.141592653589793
3.1661363461959633
3.1906800388021335
3.215223731408304
3.2397674240144743
3.2643111166206444
3.2888548092268146
3.313398501832985
3.3379421944391554
3.3624858870453256
3.3870295796514958
3.411573272257666
3.436116964863836
3.4606606574700063
3.485204350076177
3.509748042682347
3.5342917352885173
3.5588354278946874
3.5833791205008576
3.6079228131070282
3.6324665057131984
3.6570101983193686
3.6815538909255388
3.706097583531709
3.730641276137879
3.7551849687440497
3.77972866135022
3.80427235395639
3.8288160465625602
3.8533597391687304
3.877903431774901
3.902447124381071
3.9269908169872414
3.9515345095934116
3.9760782021995817
4.000621894805752
4.025165587411922
4.049709280018092
4.074252972624263
4.0987966652304335
4.123340357836604
4.147884050442774
4.172427743048944
4.196971435655114
4.221515128261284
4.246058820867455
4.270602513473625
4.295146206079795
4.319689898685965
4.344233591292136
4.368777283898306
4.3933209765044765
4.417864669110647
4.442408361716817
4.466952054322987
4.491495746929157
4.516039439535327
4.540583132141498
4.565126824747668
4.589670517353839
4.614214209960009
4.638757902566179
4.663301595172349
4.6878452877785195
4.71238898038469
4.73693267299086
4.76147636559703
4.7860200582032
4.81056375080937
4.8351074434155406
4.859651136021712
4.884194828627882
4.908738521234052
4.933282213840222
4.957825906446392
4.9823695990525625
5.006913291658733
5.031456984264903
5.056000676871073
5.080544369477243
5.105088062083414
5.129631754689584
5.154175447295755
5.178719139901925
5.203262832508095
5.227806525114265
5.252350217720435
5.2768939103266055
5.301437602932776
5.325981295538946
5.350524988145116
5.375068680751287
5.399612373357457
5.424156065963627
5.448699758569798
5.473243451175968
5.497787143782138
5.522330836388308
5.546874528994478
5.5714182216006485
5.595961914206819
5.620505606812989
5.64504929941916
5.66959299202533
5.6941366846315
5.71868037723767
5.743224069843841
5.767767762450011
5.792311455056181
5.816855147662351
5.841398840268521
5.8659425328746915
5.890486225480862
5.915029918087033
5.939573610693203
5.964117303299373
5.988660995905543
6.013204688511713
6.037748381117884
6.062292073724054
6.086835766330224
6.111379458936394
6.135923151542564
6.160466844148735
6.1850105367549055
6.209554229361076
6.234097921967246
6.258641614573416
#
1.6295992759368936
1.6291089203362727
1.6276367505540166
1.6266161161239119
1.6286231702505862
1.6296489596564148
1.6296931778961674
1.6287559596553036
1.6268374413565265
1.6281255780490842
1.6295590487831175
1.6300110491953812
1.6294809997282202
1.627969642747376
1.6274591749175
1.6292115301553873
1.6299827603267734
1.6297719079122528
1.6285793513141404
1.6266685090236688
1.6286822593996182
1.6297147992424388
1.6297656794202844
1.6288348805691886
1.6269229840438038
1.6281176922194316
1.6293778604840927
1.629656561285472
1.6289534817352787
1.6272694036952353
1.6276378024451092
1.6291099972716405
1.6296008569433789
1.6291101140316437
1.627637871960181
1.627269855690582
1.6289540862039158
1.6296569768440188
1.6293783958938746
1.6281183438114504
1.6269218069294782
1.628833748253112
1.6297646053655388
1.6297136012627182
1.6286810171438018
1.6266673708895047
1.6285786165486582
1.6297710843328952
1.6299820511147847
1.6292107141329293
1.6274583454498646
1.627969531120212
1.629481129012228
1.6300109995972876
1.6295591860345775
1.6281256588821758
1.6268379941692848
1.6287563509728702
1.6296937336956994
1.6296493933406029
1.6286234368558528
1.6266165559988366
1.627636976247257
1.629109178214343
1.629599858815685
1.6291089994276993
1.6276369934413926
1.626616348654431
1.6286233020451935
1.6296492655076413
1.6296935576765712
1.6287562393425534
1.6268376895996992
1.628125282348921
1.629558892192529
1.6300106618156125
1.6294809227729927
1.6279692681559559
1.627459077893129
1.629211817064359
1.6299825624272777
1.6297716607668153
1.628579138977885
1.6266674706624369
1.6286812238779598
1.629713824042411
1.6297647122026844
1.6288340028088304
1.6269220077506026
1.6281175019120984
1.6293774617580086
1.629656177966844
1.6289530850180736
1.6272690216872316
1.6276383684463727
1.6291105628780629
1.6296012932530235
1.6291105382880926
1.627638381007581
1.627269202114103
1.6289535396361592
1.6296564395560302
1.629377786023531
1.6281177763634793
1.6269221895305055
1.6288341763556577
1.6297647925590195
1.6297141426275565
1.6286813962396358
1.6266676631443553
1.6285795656127307
1.629772161603149
1.6299828951517659
1.6292117840171985
1.6274593118195362
1.6279695382716375
1.6294810026293205
1.6300110124071372
1.6295591743866318
1.628125709391247
1.6268379250325489
1.6287565296081263
1.6296938550257067
1.629649558294125
1.6286237360417415
1.6266166956780141
1.6276367551528732
1.6291089618843384
1.6295992759368936
1.6291089203362727
1.6276367505540166
1.6266161161239119
1.6286231702505862
1.6296489596564148
1.6296931778961674
1.6287559596553036
1.6268374413565265
1.6281255780490842
1.6295590487831175
1.6300110491953812
1.6294809997282202
1.627969642747376
1.6274591749175
1.6292115301553873
1.6299827603267734
1.6297719079122528
1.6285793513141404
1.6266685090236688
1.6286822593996182
1.6297147992424388
1.6297656794202844
1.6288348805691886
1.6269229840438038
1.6281176922194316
1.6293778604840927
1.629656561285472
1.6289534817352787
1.6272694036952353
1.6276378024451092
1.6291099972716405
1.6296007932564542
1.6291101140316437
1.627637871960181
1.627269855690582
1.6289540862039158
1.6296569768440188
1.6293783958938746
1.6281183438114504
1.6269218069294782
1.628833748253112
1.6297646053655388
1.6297136012627182
1.6286810171438018
1.6266673708895047
1.6285786165486582
1.6297710843328952
1.6299820511147847
1.6292107141329293
1.6274583454498646
1.627969531120212
1.629481129012228
1.6300109995972876
1.6295591860345775
1.6281256588821758
1.6268379941692848
1.6287563509728702
1.6296937336956994
1.6296493933406029
1.6286234368558528
1.6266165559988366
1.627636976247257
1.629109178214343
1.629599858815685
1.6291089994276993
1.6276369934413926
1.626616348654431
1.6286233020451935
1.6296492655076413
1.6296935576765712
1.6287562393425534
1.6268376895996992
1.628125282348921
1.629558892192529
1.6300106618156125
1.6294809227729927
1.6279692681559559
1.627459077893129
1.629211817064359
1.6299825624272777
1.6297716607668153
1.628579138977885
1.6266674706624369
1.6286812238779598
1.629713824042411
1.6297647122026844
1.6288340028088304
1.6269220077506026
1.6281175019120984
1.6293774617580086
1.629656177966844
1.6289530850180736
1.6272690216872316
1.6276383684463727
1.6291105628780629
1.6296011750717931
1.6291105382880926
1.627638381007581
1.627269202114103
1.6289535396361592
1.6296564395560302
1.629377786023531
1.6281177763634793
1.6269221895305055
1.6288341763556577
1.6297647925590195
1.6297141426275565
1.6286813962396358
1.6266676631443553
1.6285795656127307
1.629772161603149
1.6299828951517659
1.6292117840171985
1.6274593118195362
1.6279695382716375
1.6294810026293205
1.6300110124071372
1.6295591743866318
1.628125709391247
1.6268379250325489
1.6287565296081263
1.6296938550257067
1.629649558294125
1.6286237360417415
1.6266166956780141
1.6276367551528732
1.6291089618843384