256
0.0
0.02454369260617026
0.04908738521234052
0.07363107781851078
0.09817477042468103
0.1227184630308513
0.14726215563702155
0.1718058482431918
0.19634954084936207
0.22089323345553233
0.2454369260617026
0.2699806186678728
0.2945243112740431
0.3190680038802134
0.3436116964863836
0.36815538909255385
0.39269908169872414
0.4172427743048944
0.44178646691106466
0.4663301595172349
0.4908738521234052
0.5154175447295755
0.5399612373357456
0.5645049299419159
0.5890486225480862
0.6135923151542565
0.6381360077604268
0.662679700366597
0.6872233929727672
0.7117670855789375
0.7363107781851077
0.760854470791278
0.7853981633974483
0.8099418560036186
0.8344855486097889
0.859029241215959
0.8835729338221293
0.9081166264282996
0.9326603190344698
0.9572040116406401
0.9817477042468103
1.0062913968529805
1.030835089459151
1.055378782065321
1.0799224746714913
1.1044661672776617
1.1290098598838318
1.1535535524900022
1.1780972450961724
1.2026409377023426
1.227184630308513
1.2517283229146832
1.2762720155208536
1.3008157081270237
1.325359400733194
1.3499030933393643
1.3744467859455345
1.3989904785517047
1.423534171157875
1.4480778637640452
1.4726215563702154
1.4971652489763858
1.521708941582556
1.5462526341887264
1.5707963267948966
1.5953400194010667
1.6198837120072371
1.6444274046134073
1.6689710972195777
1.6935147898257479
1.718058482431918
1.7426021750380885
1.7671458676442586
1.7916895602504288
1.8162332528565992
1.8407769454627694
1.8653206380689396
1.88986433067511
1.9144080232812801
1.9389517158874505
1.9634954084936207
1.9880391010997909
2.012582793705961
2.0371264863121317
2.061670178918302
2.086213871524472
2.110757564130642
2.1353012567368124
2.1598449493429825
2.184388641949153
2.2089323345553233
2.2334760271614935
2.2580197197676637
2.282563412373834
2.3071071049800045
2.3316507975861747
2.356194490192345
2.380738182798515
2.405281875404685
2.429825568010856
2.454369260617026
2.478912953223196
2.5034566458293663
2.5280003384355365
2.552544031041707
2.5770877236478773
2.6016314162540475
2.6261751088602177
2.650718801466388
2.675262494072558
2.6998061866787286
2.724349879284899
2.748893571891069
2.773437264497239
2.7979809571034093
2.82252464970958
2.84706834231575
2.8716120349219203
2.8961557275280905
2.9206994201342606
2.945243112740431
2.9697868053466014
2.9943304979527716
3.018874190558942
3.043417883165112
3.067961575771282
3.0925052683774528
3.117048960983623
3.141592653589793
3.1661363461959633
3.1906800388021335
3.215223731408304
3.2397674240144743
3.2643111166206444
3.2888548092268146
3.313398501832985
3.3379421944391554
3.3624858870453256
3.3870295796514958
3.411573272257666
3.436116964863836
3.4606606574700063
3.485204350076177
3.509748042682347
3.5342917352885173
3.5588354278946874
3.5833791205008576
3.6079228131070282
3.6324665057131984
3.6570101983193686
3.6815538909255388
3.706097583531709
3.730641276137879
3.7551849687440497
3.77972866135022
3.80427235395639
3.8288160465625602
3.8533597391687304
3.877903431774901
3.902447124381071
3.9269908169872414
3.9515345095934116
3.9760782021995817
4.000621894805752
4.025165587411922
4.049709280018092
4.074252972624263
4.0987966652304335
4.123340357836604
4.147884050442774
4.172427743048944
4.196971435655114
4.221515128261284
4.246058820867455
4.270602513473625
4.295146206079795
4.319689898685965
4.344233591292136
4.368777283898306
4.3933209765044765
4.417864669110647
4.442408361716817
4.466952054322987
4.491495746929157
4.516039439535327
4.540583132141498
4.565126824747668
4.589670517353839
4.614214209960009
4.638757902566179
4.663301595172349
4.6878452877785195
4.71238898038469
4.73693267299086
4.76147636559703
4.7860200582032
4.81056375080937
4.8351074434155406
4.859651136021712
4.884194828627882
4.908738521234052
4.933282213840222
4.957825906446392
4.9823695990525625
5.006913291658733
5.031456984264903
5.056000676871073
5.080544369477243
5.105088062083414
5.129631754689584
5.154175447295755
5.178719139901925
5.203262832508095
5.227806525114265
5.252350217720435
5.2768939103266055
5.301437602932776
5.325981295538946
5.350524988145116
5.375068680751287
5.399612373357457
5.424156065963627
5.448699758569798
5.473243451175968
5.497787143782138
5.522330836388308
5.546874528994478
5.5714182216006485
5.595961914206819
5.620505606812989
5.64504929941916
5.66959299202533
5.6941366846315
5.71868037723767
5.743224069843841
5.767767762450011
5.792311455056181
5.816855147662351
5.841398840268521
5.8659425328746915
5.890486225480862
5.915029918087033
5.939573610693203
5.964117303299373
5.988660995905543
6.013204688511713
6.037748381117884
6.062292073724054
6.086835766330224
6.111379458936394
6.135923151542564
6.160466844148735
6.1850105367549055
6.209554229361076
6.234097921967246
6.258641614573416
#
1.4676500563160908
1.464329208962501
1.4646257956072402
1.46550194145225
1.5917053273535526
1.5723109955128618
1.551070711748208
1.5295204748914544
1.5126540924815681
1.4974578078961178
1.4709558055125107
1.4435678727062524
1.4153102010088539
1.385992397581722
1.356390783965936
1.32656669547
1.2959398530448112
1.318306382708114
1.3601794733485357
1.4103609757478175
1.4519285638606498
1.4923909483181068
1.5336112831072897
1.5728715834311684
1.6184978697167214
1.643683147210374
1.672755462446182
1.7083452629090017
1.7402478235559233
1.7642604539734092
1.6436818491520124
1.657207519514849
1.6697300705166316
1.6862670702575704
1.6968838179281642
1.705496728728306
1.7141284929435603
1.721309002158398
1.724428690418962
1.7349579302225004
1.7403813544448372
1.7460501080265576
1.7506561490652246
1.7570931417143418
1.7588759484116776
1.7613578740287257
1.763570884242602
1.9119645055039158
1.897914523155189
1.8885312135221302
1.8800727564050985
1.8634589380042417
1.8512961524206948
1.8337659179634689
1.8199248336713276
1.7995599599777912
1.7782306201211082
1.7572586167845015
1.7334363164117776
1.7083959127961237
1.6753983820809677
1.650041727208885
1.624199484143638
1.5923824954253327
1.5637867772021776
1.5926460559481708
1.6244256102413133
1.650041505779343
1.675402441094092
1.708399922961164
1.7334403448783204
1.7575690788288414
1.7786415519652146
1.7996305042080412
1.8199251349099457
1.833766218555019
1.8512964503340474
1.8634635755179239
1.8800720196608347
1.8885314461788565
1.897917101283375
1.911968301480283
1.7635788641700354
1.7613582762242754
1.7588762040294377
1.7570935243334278
1.75065639742629
1.7460505122514702
1.7403875639815238
1.7349570796329212
1.7244290441210954
1.7213111438460604
1.7141308234179242
1.7054971062787587
1.6968813253736532
1.6862662578936047
1.6697282243998088
1.65720781766159
1.6436850229720288
1.7642572826970808
1.7402481670494847
1.7083455262538005
1.6727557509163848
1.6436834454162121
1.6184924660503122
1.572869163056599
1.5336087296705787
1.492388556807045
1.451926102597003
1.410358318862987
1.3601769286098413
1.318303744441156
1.2959371868505922
1.3265639461511347
1.3563903155563684
1.3859887413515088
1.415111634195226
1.443381137131006
1.4709560084589153
1.4974580144565228
1.5126484314570952
1.5295206853766707
1.551070917367919
1.5723110804334524
1.5917055309209327
1.4655050304103894
1.464619302100778
1.4643268009761206
1.4676500563160908
1.464329208962501
1.4646257956072402
1.46550194145225
1.5917053273535526
1.5723109955128618
1.551070711748208
1.5295204748914544
1.5126540924815681
1.4974578078961178
1.4709558055125107
1.4435678727062524
1.4153102010088539
1.385992397581722
1.356390783965936
1.32656669547
1.2959398530448112
1.318306382708114
1.3601794733485357
1.4103609757478175
1.4519285638606498
1.4923909483181068
1.5336112831072897
1.5728715834311684
1.6184978697167214
1.643683147210374
1.672755462446182
1.7083452629090017
1.7402478235559233
1.7642604539734092
1.6436818491520124
1.657207519514849
1.6697300764816623
1.6862670702575704
1.6968838179281642
1.705496728728306
1.7141284929435603
1.721309002158398
1.724428690418962
1.7349579302225004
1.7403813544448372
1.7460501080265576
1.7506561490652246
1.7570931417143418
1.7588759484116776
1.7613578740287257
1.763570884242602
1.9119645055039158
1.897914523155189
1.8885312135221302
1.8800727564050985
1.8634589380042417
1.8512961524206948
1.8337659179634689
1.8199248336713276
1.7995599599777912
1.7782306201211082
1.7572586167845015
1.7334363164117776
1.7083959127961237
1.6753983820809677
1.650041727208885
1.624199484143638
1.5923824954253327
1.5637867772021776
1.5926460559481708
1.6244256102413133
1.650041505779343
1.675402441094092
1.708399922961164
1.7334403448783204
1.7575690788288414
1.7786415519652146
1.7996305042080412
1.8199251349099457
1.833766218555019
1.8512964503340474
1.8634635755179239
1.8800720196608347
1.8885314461788565
1.897917101283375
1.911968301480283
1.7635788641700354
1.7613582762242754
1.7588762040294377
1.7570935243334278
1.75065639742629
1.7460505122514702
1.7403875639815238
1.7349570796329212
1.7244290441210954
1.7213111438460604
1.7141308234179242
1.7054971062787587
1.6968813253736532
1.6862662578936047
1.6697282241601608
1.65720781766159
1.6436850229720288
1.7642572826970808
1.7402481670494847
1.7083455262538005
1.6727557509163848
1.6436834454162121
1.6184924660503122
1.572869163056599
1.5336087296705787
1.492388556807045
1.451926102597003
1.410358318862987
1.3601769286098413
1.318303744441156
1.2959371868505922
1.3265639461511347
1.3563903155563684
1.3859887413515088
1.415111634195226
1.443381137131006
1.4709560084589153
1.4974580144565228
1.5126484314570952
1.5295206853766707
1.551070917367919
1.5723110804334524
1.5917055309209327
1.4655050304103894
1.464619302100778
1.4643268009761206